0 0
1 0
2 0
3 0
4 0
5 0
6 1
7 0
9 0
10 0
11 0
12 0
13 0
14 0
15 0
16 0
17 0
20 0
25 2
26 0
27 0
28 0
29 0
30 0
31 0
33 0
34 1
35 0
36 0
38 0
39 0
40 1
41 0
42 1
43 0
44 0
45 0
46 0
47 0
49 2
50 0
51 0
52 0
53 0
54 1
55 1
56 0
59 0
60 2
61 0
64 0
66 1
68 0
69 2
71 0
73 1
74 0
75 0
76 0
78 2
79 0
81 0
83 0
85 0
86 1
87 0
89 1
91 0
93 0
94 0
95 2
96 0
99 0
100 2
101 0
103 0
106 1
107 0
108 0
111 0
116 2
117 1
118 1
119 0
121 1
122 0
123 0
124 1
125 0
126 0
127 0
129 0
132 0
133 1
134 0
135 2
136 1
138 0
139 0
142 1
144 1
146 1
147 0
149 0
151 0
153 0
155 1
158 0
159 0
161 0
162 0
164 0
165 0
166 0
168 0
169 0
170 0
172 2
173 1
174 0
176 2
177 1
178 1
179 1
180 0
184 1
188 0
190 0
192 2
193 0
195 1
199 0
202 1
203 0
204 0
205 0
206 0
207 0
208 0
209 0
210 0
211 1
212 0
213 0
215 0
216 2
217 0
218 0
221 1
223 0
224 0
225 0
228 0
229 0
230 0
231 1
232 0
233 0
234 1
235 1
239 2
240 0
242 0
245 0
250 2
251 1
254 1
255 1
256 0
258 1
259 0
260 0
261 0
264 2
265 1
266 0
268 1
270 2
271 0
272 1
273 0
275 0
277 0
278 0
279 0
280 2
281 2
283 0
284 1
287 2
288 2
289 1
290 0
292 0
293 2
295 0
296 0
297 2
299 0
300 0
301 2
302 0
303 0
304 0
306 1
307 0
308 0
309 1
313 1
314 2
315 0
316 2
317 2
318 1
319 1
320 2
321 1
322 0
324 1
325 1
326 2
327 2
328 1
331 0
332 0
333 2
334 0
337 0
338 2
339 0
342 1
343 1
344 0
346 2
347 1
351 2
354 2
355 0
356 0
357 0
358 1
359 2
362 2
363 1
364 2
365 0
368 0
370 0
371 0
373 1
377 2
379 2
380 0
381 2
383 2
384 1
385 0
388 0
389 1
390 1
391 0
392 1
394 1
398 1
400 2
403 2
404 0
405 1
406 2
411 0
412 1
413 1
414 0
416 1
418 0
419 0
420 2
421 0
423 0
424 0
425 2
426 1
427 0
428 1
430 1
433 1
434 1
435 1
440 1
441 0
442 1
443 2
444 1
445 0
446 0
447 2
449 1
451 1
452 1
453 2
454 0
457 1
459 1
460 0
461 2
462 2
463 1
465 0
466 0
467 0
468 0
469 2
470 1
473 2
475 0
476 2
479 0
480 1
481 2
482 0
485 0
486 0
488 2
489 0
491 2
492 2
494 1
495 2
496 0
497 1
498 0
499 2
501 1
502 1
503 0
504 1
505 0
506 0
507 1
508 2
509 0
510 0
511 0
513 1
518 1
520 1
523 1
524 2
525 1
526 2
531 1
533 0
534 2
537 0
540 2
541 1
543 2
545 0
547 2
553 1
554 2
556 1
557 2
559 2
560 2
561 1
562 2
563 1
564 1
565 1
566 0
567 1
569 2
570 1
571 0
572 0
574 2
575 0
576 1
578 0
579 0
580 0
581 2
582 2
583 2
584 2
585 2
586 2
588 0
590 2
593 0
595 0
597 2
598 0
599 0
600 0
605 0
607 0
608 0
610 2
611 2
612 1
614 1
615 2
617 1
618 2
621 1
622 0
623 0
624 2
625 0
628 1
629 1
630 2
631 2
632 0
633 2
634 1
635 2
637 1
640 2
641 0
642 0
643 0
644 1
645 2
646 2
647 1
648 2
652 0
655 0
656 0
660 2
661 2
663 1
664 0
665 2
666 0
667 0
668 2
669 2
670 2
674 2
677 1
678 0
680 1
682 2
683 1
684 1
686 1
688 2
690 1
691 2
692 0
693 0
694 2
696 2
697 1
700 0
701 1
702 1
703 1
705 1
706 0
707 2
710 2
711 2
712 2
713 0
715 0
716 0
718 2
723 1
724 1
725 1
726 0
727 2
728 1
729 0
730 0
731 2
732 1
734 0
738 0
740 1
744 0
746 1
747 2
748 2
749 1
750 1
751 0
752 1
753 0
754 1
755 2
756 2
758 1
761 2
762 2
764 1
765 0
766 0
769 2
770 2
774 2
776 1
777 2
780 0
782 0
783 2
784 0
789 1
790 1
791 1
792 0
794 1
796 1
797 0
799 2
800 1
801 0
803 0
804 2
806 0
808 1
809 1
810 2
812 1
813 1
815 1
816 2
817 1
818 1
819 0
822 2
823 2
824 2
825 2
826 0
827 1
830 1
832 0
833 1
834 0
835 1
836 0
837 2
838 0
839 2
840 1
843 2
844 1
845 1
846 1
847 2
850 2
851 2
852 0
853 2
854 0
856 1
858 2
859 2
860 2
862 0
863 2
864 0
865 2
867 1
868 0
869 1
870 2
871 0
872 2
873 2
875 2
876 2
877 2
878 0
879 2
880 2
881 2
882 2
884 1
885 1
887 2
888 1
890 2
891 0
893 1
894 1
895 1
896 2
897 1
901 1
904 1
905 1
907 2
908 1
910 2
911 1
914 1
916 2
918 0
920 2
921 1
924 1
925 1
926 2
928 0
929 0
932 1
933 1
934 2
935 0
936 2
937 0
938 2
940 1
944 2
946 1
947 1
949 0
951 1
952 2
953 0
954 0
956 2
957 0
958 0
959 2
961 0
962 2
964 1
965 2
967 0
968 2
970 0
974 0
978 2
982 0
983 2
984 1
985 2
986 2
988 2
989 2
991 2
992 0
993 2
995 1
996 1
997 1
998 0
1000 0
1003 2
1004 0
1005 2
1007 2
1008 2
1011 2
1012 1
1013 2
1014 1
1015 1
1016 2
1017 2
1018 0
1019 2
1021 2
1026 2
1027 1
1028 2
1029 1
1030 1
1031 2
1035 1
1036 2
1037 1
1038 0
1039 1
1041 0
1042 1
1043 2
1044 2
1046 0
1047 1
1048 2
1049 2
1050 1
1051 1
1052 1
1053 0
1054 2
1055 2
1056 0
1059 1
1063 1
1064 1
1065 1
1066 1
1067 0
1068 1
1070 0
1071 2
1072 2
1073 0
1075 1
1076 0
1077 2
1078 2
1080 0
1082 1
1083 1
1084 2
1085 1
1087 2
1088 2
1090 0
1092 2
1093 0
1094 1
1095 2
1096 0
1099 2
1102 2
1103 0
1104 2
1106 2
1107 0
1108 2
1109 2
1112 1
1113 2
1114 2
1115 0
1119 1
1122 2
1124 2
1126 2
1127 1
1128 0
1131 1
1132 2
1133 0
1135 1
1136 0
1138 2
1139 1
1140 0
1142 2
1143 0
1144 1
1146 2
1149 1
1150 0
1151 2
1153 2
1154 1
1158 2
1160 1
1162 1
1163 1
1165 2
1166 2
1167 2
1168 1
1169 2
1173 2
1175 2
1176 1
1178 2
1179 1
1180 1
1182 1
1184 2
1186 1
1189 0
1191 2
1192 0
1193 2
1194 1
1195 1
1197 0
1198 0
1199 1
1201 2
1204 1
1205 2
1206 2
1208 2
1209 2
1210 0
1211 1
1212 2
1213 1
1214 1
1218 2
1219 1
1222 1
1223 2
1226 1
1227 0
1228 2
1230 2
1231 0
1232 2
1233 2
1234 1
1236 0
1237 2
1238 2
1240 2
1244 2
1245 2
1247 2
1248 2
1249 2
1250 0
1252 2
1254 1
1255 1
1256 1
1257 1
1258 1
1260 2
1261 2
1263 0
1264 1
1267 0
1268 0
1269 2
1270 0
1271 1
1274 1
1276 0
1277 2
1280 1
1282 2
1284 1
1285 1
1288 2
1289 1
1290 1
1291 0
1292 2
1294 1
1296 1
1297 1
1298 1
1300 0
1302 2
1303 2
1304 2
1305 1
1307 2
1310 2
1311 2
1312 2
1313 2
1315 0
1319 2
1320 1
1321 2
1322 0
1323 2
1324 2
1327 1
1329 2
1331 1
1332 2
1333 2
1334 2
1336 1
1337 0
1339 0
1340 1
1341 2
1345 2
1346 2
1347 2
1348 2
1349 1
1350 1
1351 1
1352 1
1355 0
1356 2
1357 0
1358 2
1360 1
1361 2
1364 1
1366 2
1367 1
1368 1
1369 2
1370 2
1371 1
1372 1
1373 0
1376 0
1377 2
1379 2
1380 1
1381 1
1383 2
1384 1
1385 1
1386 0
1387 1
1388 1
1389 1
1390 2
1391 0
1393 1
1395 0
1396 1
1398 1
1401 2
1402 2
1404 2
1405 2
1407 2
1408 0
1409 2
1411 0
1413 0
1414 2
1415 0
1416 1
1417 2
1418 2
1419 1
1420 2
1421 0
1422 1
1425 2
1426 1
1427 0
1429 2
1430 0
1431 1
1432 1
1433 0
1434 0
1435 2
1437 1
1438 2
1439 0
1440 2
1441 0
1442 2
1445 0
1447 0
1448 2
1449 0
1451 2
1452 2
1454 2
1455 2
1456 2
1457 2
1458 2
1460 2
1461 0
1462 1
1463 2
1464 2
1468 2
1469 2
1470 2
1471 1
1472 2
1473 2
1474 2
1477 0
1478 2
1482 2
1483 0
1485 0
1486 0
1487 2
1488 1
1489 1
1490 2
1491 1
1493 1
1494 1
1495 1
1497 2
1498 0
1499 1
1502 2
1506 2
1507 2
1508 0
1509 0
1510 1
1511 2
1512 0
1514 1
1515 1
1516 1
1517 2
1518 2
1520 2
1521 1
1522 2
1524 2
1525 2
1526 0
1528 2
1529 1
1530 2
1531 1
1532 1
1533 1
1535 1
1536 1
1537 0
1538 2
1539 2
1540 2
1541 0
1542 2
1543 1
1544 1
1545 1
1546 1
1547 1
1548 2
1549 0
1550 1
1551 2
1552 2
1553 1
1554 2
1555 1
1557 1
1558 2
1559 2
1560 2
1562 1
1564 1
1569 1
1570 2
1571 1
1572 1
1573 1
1574 1
1575 1
1576 2
1577 2
1578 0
1579 1
1580 1
1581 0
1582 1
1583 2
1585 2
1587 0
1588 1
1589 2
1590 2
1592 2
1594 2
1596 2
1597 2
1601 1
1603 0
1604 1
1606 0
1608 2
1609 2
1610 2
1611 1
1613 2
1614 1
1615 1
1616 1
1618 2
1619 2
1620 0
1621 1
1623 2
1625 1
1627 2
1628 0
1630 0
1634 2
1635 2
1636 1
1637 2
1639 2
1641 1
1642 2
1643 1
1644 2
1645 0
1646 2
1647 0
1648 0
1649 2
1650 1
1651 1
1652 2
1657 2
1658 2
1660 2
1663 2
1665 0
1666 2
1668 1
1671 1
1672 2
1673 2
1674 2
1676 2
1677 1
1678 1
1679 2
1681 1
1682 2
1684 1
1685 1
1686 2
1688 1
1689 2
1690 1
1691 2
1692 0
1694 2
1696 0
1697 0
1698 1
1701 2
1702 0
1703 1
1707 1
1708 0
1709 1
1710 0
1711 1
1712 2
1713 1
1717 0
1718 1
1719 2
1723 2
1724 2
1725 1
1728 1
1729 0
1731 0
1732 2
1735 2
1737 0
1738 1
1739 2
1741 2
1742 2
1743 2
1744 0
1745 2
1746 2
1749 1
1752 2
1753 2
1754 2
1755 2
1757 2
1761 2
1764 2
1769 2
1770 2
1772 1
1773 1
1775 2
1779 2
1780 2
1781 2
1784 1
1785 0
1790 2
1792 1
1793 2
1795 1
1796 0
1797 2
1799 1
1800 1
1802 0
1803 2
1804 2
1806 2
1807 2
1808 2
1809 0
1810 2
1812 2
1813 2
1814 2
1815 1
1817 0
1819 0
1821 2
1822 2
1825 2
1826 1
1827 1
1828 1
1830 0
1833 2
1834 2
1835 2
1838 2
1839 1
1840 2
1842 1
1843 2
1845 2
1848 2
1849 1
1850 1
1854 1
1855 1
1856 2
1857 2
1860 1
1862 2
1863 1
1864 1
1865 0
1866 2
1867 2
1868 2
1869 1
1871 1
1872 1
1874 2
1875 1
1876 1
1877 2
1878 2
1882 2
1884 2
1887 0
1889 1
1890 0
1891 1
1892 2
1894 2
1895 2
1900 0
1901 1
1902 2
1903 1
1905 2
1906 2
1907 0
1908 2
1909 2
1910 2
1912 1
1913 2
1914 2
1915 2
1916 2
1917 2
1918 2
1924 2
1927 1
1928 2
1930 1
1931 2
1932 0
1934 2
1936 2
1937 2
1938 2
1939 2
1943 1
1944 1
1945 2
1946 0
1949 0
1950 2
1951 2
1952 1
1953 2
1956 1
1957 1
1958 2
1959 1
1963 1
1965 1
1967 2
1968 1
1969 1
1971 1
1973 1
1974 1
1975 2
1976 1
1978 2
1981 1
1982 1
1983 0
1985 1
1987 2
1989 1
1990 2
1994 1
1995 0
1997 2
1999 2
2001 2
2002 2
2004 2
2007 1
2008 2
2009 2
2010 1
2012 2
2013 1
2014 2
2015 1
2016 2
2019 2
2020 2
2021 0
2022 2
2024 2
2025 1
2028 1
2029 1
2030 2
2031 1
2032 2
2033 1
2034 1
2036 1
2037 1
2038 0
2039 0
2041 1
2042 0
2043 2
2044 2
2045 2
2047 1
2048 2
2049 2
2050 2
2051 1
2052 2
2053 2
2054 1
2055 2
2057 1
2058 0
2059 1
2060 1
2062 2
2064 2
2065 2
2066 0
2071 2
2072 2
2074 2
2075 1
2077 0
2078 1
2079 2
2080 2
2082 1
2083 2
2084 1
2089 1
2090 1
2091 1
2092 0
2093 1
2096 2
2097 2
2101 2
2104 1
2105 1
2107 2
2109 2
2110 2
2114 1
2115 2
2116 2
2119 1
2121 0
2122 2
2123 2
2124 1
2125 2
2127 2
2130 2
2131 1
2133 2
2136 1
2137 2
2139 2
2142 2
2143 2
2144 2
2145 1
2148 1
2149 0
2150 1
2151 1
2154 1
2155 0
2157 1
2160 2
2161 0
2163 1
2164 2
2166 1
2169 2
2170 2
2171 1
2172 2
2177 1
2178 2
2179 2
2181 1
2182 1
2184 2
2185 2
2186 1
2187 0
2189 1
2190 0
2191 1
2192 0
2193 1
2194 2
2195 2
2199 0
2200 2
2202 1
2205 1
2206 1
2208 1
2209 1
2210 0
2211 2
2212 1
2215 1
2218 1
2219 2
2220 1
2222 2
2223 1
2225 2
2226 2
2227 2
2230 2
2232 2
2233 2
2234 2
2235 0
2240 1
2241 2
2242 2
2243 1
2245 2
2246 2
2248 2
2249 0
2250 2
2251 2
2253 1
2254 1
2256 2
2258 2
2261 2
2262 1
2263 2
2266 0
2267 2
2268 2
2270 2
2271 1
2272 2
2273 1
2276 2
2277 1
2281 1
2282 2
2286 0
2288 2
2289 1
2290 1
2291 2
2293 2
2295 2
2296 2
2297 2
2301 1
2302 1
2305 1
2306 1
2307 0
2308 2
2309 1
2314 1
2315 1
2316 1
2317 0
2318 2
2320 1
2322 2
2325 2
2326 2
2327 2
2330 2
2333 0
2334 2
2335 2
2338 2
2339 1
2340 2
2341 1
2342 1
2343 2
2344 2
2345 1
2347 0
2348 2
2350 0
2351 2
2353 1
2355 2
2356 0
2357 2
2359 2
2360 2
2361 0
2362 0
2363 2
2364 2
2365 2
2366 1
2367 2
2368 2
2369 0
2370 2
2372 2
2377 0
2378 0
2379 2
2380 1
2382 0
2383 2
2385 2
2387 2
2388 0
2389 2
2391 0
2392 2
2394 1
2396 1
2402 1
2403 1
2404 2
2406 1
2407 2
2408 1
2410 1
2412 2
2414 1
2415 1
2416 2
2419 1
2420 1
2421 0
2422 2
2424 2
2425 2
2426 2
2428 2
2429 2
2430 1
2435 2
2436 2
2437 2
2438 2
2439 1
2440 2
2442 1
2444 2
2445 1
2448 2
2451 2
2452 1
2453 2
2455 2
2456 2
2458 0
2461 2
2464 2
2465 1
2466 1
2467 1
2468 2
2470 1
2471 2
2473 1
2476 1
2477 1
2478 0
2479 2
2480 0
2481 2
2482 2
2483 2
2484 1
2485 1
2486 2
2487 2
2488 1
2489 2
2490 2
2491 2
2493 2
2494 2
2495 2
2497 1
2499 1
2504 2
2505 2
2506 1
2507 2
2508 2
2510 2
2511 2
2512 1
2513 2
2514 1
2516 1
2517 1
2518 2
2519 1
2521 2
2522 2
2524 1
2525 2
2527 1
2529 1
2531 2
2532 2
2533 1
2534 2
2536 2
2537 1
2539 2
2541 2
2543 1
2544 1
2546 2
2547 2
2548 1
2550 2
2551 2
2553 2
2555 1
2557 2
2558 2
2559 1
2560 2
2561 2
2563 2
2566 2
2569 2
2571 2
2572 0
2573 2
2574 2
2575 0
2577 2
2578 1
2579 1
2581 0
2582 2
2583 2
2584 2
2585 2
2587 1
2588 2
2591 0
2593 2
2594 2
2596 1
2597 2
2598 2
2599 2
2601 1
2604 1
2606 1
2607 1
2608 1
2609 2
2610 1
2611 2
2612 2
2613 2
2614 1
2615 1
2616 2
2617 2
2619 2
2620 2
2621 2
2623 2
2624 2
2625 2
2626 2
2627 0
2628 2
2631 2
2632 0
2636 2
2637 2
2640 2
2642 0
2643 0
2645 2
2646 1
2648 2
2649 2
2650 2
2651 2
2652 2
2653 2
2654 2
2655 1
2657 2
2658 1
2660 2
2661 0
2664 2
2665 1
2666 2
2668 2
2670 1
2673 1
2675 1
2676 1
2679 2
2682 0
2683 2
2684 1
2685 1
2686 2
2687 2
2688 2
2689 2
2690 2
2691 2
2692 2
2693 1
2694 0
2695 2
2696 2
2697 2
2698 0
2700 2
2701 1
2703 2
2704 1
2705 2
2706 1
2707 2
2708 1
2709 2
2710 2
2711 2
2712 2
2714 1
2716 2
2717 2
2718 2
2720 2
2721 1
2724 1
2726 1
2728 2
2730 1
2732 1
2738 2
2740 1
2742 2
2743 2
2744 2
2745 1
2746 2
2747 1
2748 1
2749 1
2750 2
2751 2
2752 1
2753 1
2754 1
2756 2
2758 2
2759 2
2762 2
2763 0
2764 2
2765 2
2768 2
2772 2
2773 2
2774 2
2776 2
2777 2
2778 2
2781 2
2783 2
2784 2
2785 2
2786 2
2788 0
2794 2
2795 1
2798 1
2800 0
2801 1
2803 2
2805 2
2806 1
2808 1
2809 2
2810 2
2811 1
2813 1
2814 2
2815 2
2818 1
2819 1
2821 2
2823 2
2824 2
2825 1
2828 2
2830 2
2831 1
2832 2
2833 1
2835 0
2836 1
2838 0
2839 1
2841 1
2842 2
2843 2
2844 2
2845 2
2846 1
2847 2
2849 2
2851 2
2852 1
2853 0
2854 1
2857 1
2860 2
2861 2
2866 2
2868 2
2869 2
2870 2
2871 2
2872 2
2873 2
2874 1
2876 2
2878 2
2879 2
2880 1
2883 2
2888 2
2889 1
2891 2
2892 2
2893 1
2894 0
2895 1
2896 2
2897 2
2899 2
2901 1
2902 2
2903 1
2904 1
2906 2
2907 2
2908 2
2910 1
2911 2
2912 1
2913 2
2914 2
2916 2
2917 2
2918 1
2919 1
2921 1
2922 2
2923 2
2924 2
2925 1
2926 1
2927 2
2928 2
2929 2
2930 1
2932 2
2933 2
2934 2
2935 2
2936 1
2937 2
2938 2
2940 2
2942 2
2943 2
2944 1
2950 2
2952 1
2953 2
2954 2
2956 2
2957 2
2960 1
2961 0
2962 1
2964 2
2966 2
2970 1
2972 1
2973 2
2975 1
2976 0
2977 0
2988 0
2990 2
2991 1
2992 1
2993 2
2996 2
3000 2
3001 0
3004 0
3006 2
3007 1
3008 2
3010 1
3014 2
3015 1
3017 1
3018 1
3019 2
3021 2
3023 2
3024 1
3025 1
3026 1
3027 2
3028 1
3029 1
3032 2
3033 1
3034 1
3036 1
3037 2
3038 0
3039 1
3040 2
3041 2
3044 1
3045 1
3046 2
3047 1
3048 2
3051 2
3052 2
3054 2
3055 2
3056 2
3058 2
3059 1
3064 2
3065 2
3066 1
3067 2
3068 2
3069 0
3070 1
3071 2
3073 2
3074 1
3075 2
3076 2
3077 1
3080 2
3081 1
3082 2
3083 2
3084 2
3088 1
3089 2
3090 2
3091 1
3092 2
3094 1
3096 1
3098 2
3099 1
3100 1
3104 2
3105 2
3106 2
3109 0
3110 2
3115 2
3116 1
3118 0
3120 2
3122 0
3126 1
3127 2
3128 0
3130 2
3132 2
3135 2
3136 2
3137 0
3138 1
3143 2
3144 0
3146 1
3147 2
3148 2
3149 1
3151 1
3154 1
3157 1
3158 2
3160 2
3162 1
3163 2
3168 2
3169 2
3170 2
3171 2
3172 1
3173 2
3174 2
3175 2
3176 1
3177 0
3179 2
3180 2
3182 0
3183 1
3184 2
3185 2
3186 1
3187 1
3190 2
3191 1
3192 2
3193 2
3195 2
3196 2
3197 2
3199 2
3201 2
3203 0
3204 2
3205 1
3206 2
3207 1
3208 2
3209 1
3211 2
3212 2
3213 2
3214 2
3219 1
3220 1
3222 0
3225 2
3226 1
3227 1
3228 2
3229 2
3231 0
3232 2
3234 1
3236 2
3238 1
3239 1
3240 1
3241 2
3244 1
3246 1
3249 2
3250 2
3251 2
3253 2
3254 2
3255 2
3256 2
3257 1
3258 2
3263 2
3265 0
3266 0
3267 2
3270 2
3272 0
3273 0
3277 2
3280 2
3281 2
3283 2
3285 1
3286 2
3287 1
3290 2
3291 2
3293 1
3294 2
3296 2
3299 0
3301 0
3302 0
3303 2
3304 2
3306 2
3309 0
3310 2
3313 2
3314 2
3315 0
3316 0
3317 0
3322 1
3325 2
3329 2
3330 0
3331 2
3332 2
3333 2
3336 2
3337 1
3338 0
3339 2
3340 2
3341 2
3343 2
3344 2
3345 2
3346 2
3347 2
3348 2
3350 2
3351 2
3352 1
3354 1
3355 1
3356 2
3358 2
3359 2
3360 1
3361 2
3362 1
3363 2
3364 0
3365 1
3370 1
3372 2
3373 2
3376 2
3377 2
3383 2
3384 2
3388 1
3392 2
3393 2
3394 2
3395 2
3396 2
3397 2
3398 2
3399 2
3401 2
3402 0
3403 2
3404 2
3405 1
3406 1
3408 2
3409 2
3410 2
3411 1
3412 2
3413 2
3414 1
3417 2
3419 1
3420 2
3421 2
3422 1
3423 0
3425 1
3427 1
3430 1
3431 2
3434 2
3436 2
3437 1
3439 1
3440 1
3441 2
3443 1
3448 2
3449 2
3451 2
3452 0
3454 2
3455 2
3456 0
3457 2
3458 2
3459 2
3460 2
3461 2
3462 1
3463 2
3464 1
3468 2
3469 2
3470 2
3471 0
3474 2
3475 2
3476 1
3478 2
3480 1
3482 2
3483 0
3488 2
3490 2
3494 2
3495 1
3496 2
3498 2
3499 2
3502 2
3505 2
3507 1
3509 2
3510 1
3512 2
3513 2
3517 2
3518 1
3522 0
3525 2
3526 1
3527 1
3528 2
3529 2
3531 2
3532 2
3536 1
3537 2
3540 2
3541 1
3542 2
3543 2
3545 2
3548 2
3549 2
3550 2
3551 2
3552 0
3554 1
3555 2
3558 1
3559 2
3560 2
3567 0
3568 0
3569 2
3570 1
3571 2
3572 2
3573 0
3576 2
3580 1
3584 2
3585 1
3587 2
3588 2
3590 1
3591 2
3592 2
3595 2
3596 2
3597 2
3598 2
3599 2
3602 2
3604 2
3605 2
3607 2
3608 1
3609 2
3610 2
3611 2
3612 1
3617 2
3618 1
3620 1
3623 2
3624 2
3626 0
3627 1
3628 0
3631 2
3635 2
3638 1
3639 1
3640 2
3641 2
3642 2
3643 1
3644 2
3647 2
3648 2
3649 1
3650 2
3653 2
3654 2
3655 2
3656 2
3658 2
3659 2
3660 1
3661 2
3662 1
3663 2
3666 2
3667 2
3669 0
3670 0
3671 2
3672 2
3673 2
3674 1
3675 1
3680 2
3686 2
3687 1
3689 2
3690 2
3691 1
3692 2
3693 2
3694 2
3695 2
3696 1
3699 2
3702 2
3704 2
3705 2
3706 1
3707 1
3708 1
3709 2
3710 2
3712 1
3713 2
3714 1
3716 2
3717 1
3718 1
3721 2
3722 1
3723 1
3724 1
3726 0
3730 2
3731 2
3732 2
3733 2
3734 2
3735 2
3736 1
3737 2
3738 1
3739 1
3740 2
3741 1
3742 1
3743 2
3746 2
3747 2
3748 2
3750 0
3751 1
3752 2
3753 2
3754 2
3759 2
3760 2
3761 2
3762 2
3763 2
3765 2
3766 1
3768 2
3770 1
3771 2
3773 2
3775 1
3776 0
3778 2
3779 1
3781 2
3782 2
3786 1
3788 2
3789 2
3791 1
3794 2
3796 1
3799 2
3802 0
3803 0
3805 2
3807 1
3809 2
3810 2
3812 2
3813 2
3814 1
3815 2
3816 2
3817 2
3818 1
3819 2
3821 1
3822 2
3823 2
3824 2
3825 2
3826 2
3827 2
3830 1
3831 0
3833 2
3834 2
3835 1
3837 1
3838 2
3839 2
3841 2
3844 1
3845 2
3846 0
3848 0
3850 2
3851 1
3852 1
3856 1
3860 2
3861 2
3862 1
3863 0
3864 1
3865 2
3866 1
3867 0
3868 2
3870 2
3872 1
3873 2
3877 1
3878 2
3879 2
3880 1
3881 2
3883 2
3885 1
3887 2
3888 2
3891 2
3892 2
3894 1
3895 2
3896 1
3900 2
3901 2
3903 1
3904 1
3905 2
3907 1
3908 1
3911 1
3913 2
3915 2
3918 2
3920 0
3921 1
3922 2
3926 0
3927 2
3928 1
3931 1
3934 2
3937 1
3939 2
3940 1
3942 2
3943 2
3944 1
3949 1
3951 1
3955 0
3956 2
3957 1
3958 2
3960 2
3962 2
3964 2
3966 2
3968 1
3969 1
3975 2
3978 1
3979 2
3980 2
3981 1
3982 2
3983 1
3984 1
3985 2
3987 2
3988 2
3990 1
3993 2
3994 2
3996 2
3997 2
3999 1
4001 2
4002 2
4006 0
4008 1
4010 1
4011 2
4012 0
4014 2
4015 2
4016 2
4017 2
4018 2
4019 2
4023 2
4024 2
4025 2
4026 2
4027 2
4028 2
4029 2
4032 2
4035 2
4036 1
4039 2
4042 2
4044 2
4046 2
4048 1
4051 1
4057 2
4058 1
4059 2
4062 2
4064 2
4065 2
4066 2
4071 2
4073 1
4074 2
4075 1
4077 2
4079 2
4081 1
4082 1
4086 1
4088 0
4089 1
4091 2
4092 2
4093 0
4094 2
4096 2
4098 2
4099 2
4100 2
4101 2
4102 2
4103 1
4104 2
4105 2
4106 0
4107 2
4108 2
4109 1
4110 1
4111 2
4113 2
4115 0
4117 2
4118 2
4121 2
4122 0
4123 2
4125 1
4126 2
4127 2
4128 2
4130 2
4132 2
4134 2
4138 2
4139 2
4140 2
4145 2
4149 2
4152 1
4153 2
4155 2
4156 1
4157 2
4158 2
4159 2
4161 1
4162 2
4163 1
4165 2
4166 1
4167 1
4168 2
4169 2
4171 2
4172 2
4173 1
4175 2
4177 2
4178 0
4180 2
4182 1
4186 1
4187 1
4188 2
4190 2
4191 2
4192 1
4194 0
4195 1
4196 1
4197 1
4198 2
4200 2
4204 2
4205 1
4206 2
4208 1
4209 0
4212 2
4213 1
4215 2
4216 2
4217 2
4221 1
4222 1
4223 2
4225 1
4226 0
4227 0
4228 1
4232 1
4233 2
4235 1
4236 2
4238 0
4239 0
4240 2
4241 2
4243 2
4244 2
4245 2
4246 1
4248 2
4250 0
4253 2
4254 2
4256 2
4260 2
4264 2
4267 2
4270 2
4272 2
4278 1
4279 2
4280 2
4281 2
4282 1
4283 2
4285 2
4286 1
4287 2
4288 2
4290 2
4295 2
4297 2
4302 1
4303 1
4304 2
4307 1
4308 2
4309 2
4315 2
4316 1
4317 2
4319 2
4320 1
4321 2
4322 2
4323 1
4325 2
4330 2
4333 2
4335 2
4336 1
4338 2
4339 1
4340 2
4342 2
4343 2
4344 2
4345 2
4346 1
4347 2
4348 1
4350 2
4351 2
4352 1
4354 2
4355 2
4357 2
4360 2
4361 2
4362 2
4363 2
4364 2
4365 2
4366 2
4367 2
4368 1
4375 1
4378 2
4379 2
4380 2
4384 2
4386 0
4387 2
4388 2
4389 2
4390 2
4391 2
4392 1
4393 2
4398 2
4400 1
4403 1
4405 2
4409 1
4410 2
4411 2
4412 2
4414 2
4418 2
4422 2
4424 2
4425 1
4426 2
4427 2
4428 2
4429 1
4430 2
4436 1
4437 1
4438 1
4439 1
4440 2
4441 2
4442 2
4443 1
4444 1
4445 1
4447 2
4448 2
4449 2
4450 1
4451 0
4453 0
4455 0
4457 2
4458 2
4459 0
4461 1
4462 1
4463 1
4467 2
4468 1
4469 2
4472 1
4473 2
4474 1
4476 1
4478 1
4481 2
4482 2
4483 2
4492 2
4493 2
4494 1
4495 2
4498 0
4499 1
4501 2
4502 2
4503 2
4504 2
4505 2
4506 2
4507 2
4508 2
4509 0
4514 2
4516 2
4519 0
4520 2
4525 1
4527 2
4528 2
4530 1
4532 2
4533 2
4534 2
4537 2
4539 2
4540 1
4541 2
4544 2
4545 1
4547 2
4549 2
4552 0
4556 2
4558 2
4564 2
4566 2
4568 2
4569 2
4570 2
4571 2
4572 1
4573 2
4574 2
4575 2
4577 2
4578 1
4582 1
4585 2
4586 2
4588 1
4589 2
4590 1
4591 2
4594 2
4595 1
4597 2
4598 1
4602 2
4607 2
4608 1
4609 1
4611 1
4614 2
4615 1
4616 2
4618 2
4625 2
4626 1
4627 2
4628 1
4631 2
4632 1
4635 1
4638 2
4639 0
4641 1
4642 2
4644 2
4647 1
4648 2
4649 2
4651 2
4652 1
4653 2
4654 2
4657 2
