0 1
1 3
2 0
3 3
4 0
5 0
6 3
7 3
8 2
9 0
10 2
11 0
12 0
13 0
14 1
15 2
16 3
17 0
18 2
19 3
20 0
21 1
22 2
23 2
24 2
25 2
26 2
27 2
28 0
29 1
30 0
31 0
32 1
33 2
34 2
35 3
36 3
37 2
38 3
39 0
40 3
41 2
42 1
43 2
44 1
45 0
46 0
47 1
48 0
49 1
50 1
51 2
52 3
53 3
54 2
55 2
56 3
57 1
58 3
59 2
60 0
61 1
62 1
63 3
64 3
65 2
66 2
67 2
68 1
69 1
70 2
71 3
72 0
73 0
74 0
75 1
76 0
77 3
78 0
79 0
80 1
81 0
82 1
83 2
84 2
85 3
86 0
87 3
88 0
89 0
90 2
91 3
92 2
93 0
94 3
95 0
96 0
97 0
98 0
99 3
100 2
101 0
102 2
103 3
104 0
105 2
106 2
107 3
108 2
109 2
110 2
111 0
112 2
113 2
114 0
115 3
116 3
117 2
118 2
119 1
120 2
121 0
122 0
123 2
124 2
125 0
126 0
127 2
128 0
129 3
130 3
131 3
132 3
133 2
134 0
135 2
136 1
137 0
138 2
139 2
140 2
141 2
142 2
143 2
144 2
145 0
146 2
147 3
148 1
149 2
150 3
151 2
152 1
153 2
154 0
155 0
156 0
157 0
158 0
159 2
160 3
161 0
162 3
163 0
164 1
165 0
166 1
167 2
168 0
169 3
170 0
171 2
172 2
173 0
174 3
175 0
176 1
177 1
178 3
179 1
180 2
181 0
182 2
183 2
184 1
185 0
186 2
187 2
188 0
189 3
190 2
191 0
192 3
193 2
194 0
195 0
196 3
197 2
198 2
199 3
200 0
201 0
202 2
203 3
204 1
205 2
206 1
207 2
208 2
209 0
210 0
211 2
212 3
213 0
214 2
215 0
216 0
217 3
218 2
219 0
220 2
221 0
222 0
223 1
224 3
225 2
226 3
227 1
228 0
229 2
230 1
231 3
232 0
233 3
234 3
235 2
236 3
237 2
238 2
239 1
240 3
241 1
242 2
243 0
244 1
245 3
246 0
247 3
248 3
249 0
250 2
251 2
252 0
253 2
254 0
255 1
256 3
257 0
258 0
259 3
260 0
261 2
262 2
263 1
264 1
265 2
266 3
267 1
268 0
269 1
270 2
271 0
272 3
273 0
274 2
275 3
276 3
277 0
278 3
279 1
280 3
281 1
282 3
283 2
284 2
285 0
286 0
287 2
288 1
289 2
290 3
291 3
292 1
293 3
294 2
295 2
296 1
297 3
298 2
299 3
300 0
301 2
302 0
303 0
304 0
305 3
306 0
307 2
308 2
309 1
310 3
311 1
312 2
313 0
314 1
315 0
316 3
317 3
318 2
319 3
320 3
321 3
322 0
323 0
324 0
325 3
326 1
327 2
328 1
329 2
330 0
331 3
332 0
333 0
334 3
335 0
336 0
337 0
338 2
339 2
340 2
341 3
342 0
343 3
344 2
345 1
346 2
347 1
348 2
349 2
350 2
351 3
352 3
353 2
354 2
355 2
356 1
357 3
358 0
359 3
360 2
361 0
362 2
363 0
364 0
365 0
366 2
367 2
368 3
369 0
370 3
371 0
372 0
373 2
374 1
375 0
376 2
377 0
378 0
379 0
380 2
381 2
382 0
383 2
384 0
385 2
386 1
387 2
388 2
389 3
390 1
391 0
392 1
393 2
394 2
395 0
396 2
397 1
398 0
399 2
400 2
401 1
402 2
403 2
404 3
405 0
406 3
407 2
408 3
409 1
410 0
411 2
412 2
413 2
414 3
415 2
416 1
417 3
418 0
419 3
420 3
421 3
422 0
423 2
424 2
425 2
426 3
427 1
428 2
429 2
430 3
431 3
432 1
433 3
434 0
435 2
436 0
437 0
438 2
439 0
440 3
441 3
442 2
443 1
444 0
445 0
446 0
447 0
448 0
449 2
450 3
451 0
452 0
453 0
454 0
455 1
456 3
457 2
458 0
459 1
460 0
461 2
462 0
463 2
464 3
465 2
466 2
467 2
468 2
469 2
470 2
471 0
472 2
473 0
474 2
475 0
476 0
477 0
478 0
479 0
480 0
481 2
482 2
483 2
484 2
485 3
486 0
487 3
488 1
489 1
490 3
491 2
492 0
493 0
494 3
495 0
496 0
497 2
498 2
499 3
500 3
501 0
502 0
503 2
504 0
505 0
506 0
507 1
508 0
509 3
510 0
511 0
512 0
513 1
514 3
515 2
516 0
517 2
518 3
519 1
520 0
521 3
522 0
523 2
524 0
525 2
526 0
527 2
528 0
529 1
530 0
531 3
532 3
533 1
534 0
535 2
536 3
537 3
538 1
539 2
540 1
541 0
542 0
543 0
544 2
545 2
546 0
547 0
548 2
549 2
550 1
551 2
552 3
553 2
554 3
555 0
556 2
557 0
558 1
559 0
560 0
561 3
562 3
563 0
564 2
565 0
566 2
567 3
568 1
569 3
570 2
571 2
572 3
573 0
574 2
575 3
576 3
577 0
578 2
579 2
580 2
581 2
582 3
583 0
584 1
585 0
586 0
587 0
588 3
589 3
590 1
591 1
592 2
593 2
594 2
595 0
596 3
597 1
598 0
599 3
600 2
601 0
602 3
603 2
604 3
605 3
606 2
607 2
608 0
609 0
610 3
611 2
612 2
613 2
614 0
615 0
616 1
617 3
618 3
619 0
620 1
621 0
622 1
623 1
624 0
625 3
626 0
627 3
628 3
629 3
630 1
631 1
632 3
633 1
634 3
635 3
636 1
637 3
638 1
639 3
640 3
641 3
642 1
643 3
644 3
645 3
646 3
647 1
648 1
649 3
650 3
651 1
652 1
653 1
654 3
655 3
656 3
657 1
658 1
659 3
660 3
661 3
662 3
663 1
664 3
665 3
666 3
667 3
668 1
669 1
670 3
671 3
672 1
673 1
674 1
675 1
676 3
677 3
678 1
679 1
680 1
681 3
682 1
683 1
684 1
685 3
686 3
687 3
688 1
689 1
690 1
691 3
692 1
693 3
694 1
695 1
696 3
697 3
698 3
699 1
700 1
701 3
702 3
703 3
704 3
705 1
706 1
707 3
708 3
709 1
710 1
711 1
712 3
713 1
714 3
715 1
716 1
717 3
718 3
719 1
720 3
721 3
722 3
723 1
724 3
725 3
726 3
727 1
728 1
729 1
730 1
731 3
732 3
733 1
734 1
735 3
736 3
737 1
738 1
739 1
740 1
741 1
742 1
743 1
744 1
745 1
746 1
747 1
748 1
749 1
750 1
751 1
752 1
753 1
754 1
755 1
756 1
757 1
758 1
759 1
760 1
761 1
762 1
763 1
764 1
765 1
766 1
767 1
768 1
769 1
770 1
771 1
772 1
773 1
774 1
775 1
776 1
777 1
778 1
779 1
780 1
781 1
782 1
783 1
784 1
785 1
786 1
787 1
788 1
789 1
790 1
791 1
792 1
793 1
794 1
795 1
796 1
797 1
798 1
799 1
800 2
801 2
802 2
803 2
804 2
805 2
806 2
807 2
808 0
809 2
810 0
811 2
812 2
813 0
814 2
815 0
816 2
817 2
818 0
819 0
820 0
821 0
822 0
823 2
824 2
825 0
826 0
827 2
828 0
829 2
830 2
831 2
832 0
833 2
834 0
835 0
836 0
837 2
838 2
839 0
840 0
841 0
842 0
843 0
844 0
845 2
846 2
847 2
848 2
849 2
850 0
851 2
852 0
853 0
854 0
855 2
856 2
857 0
858 0
859 0
860 0
861 0
862 0
863 2
864 2
865 0
866 2
867 2
868 0
869 2
870 2
871 0
872 2
873 0
874 0
875 2
876 0
877 0
878 2
879 2
880 2
881 2
882 2
883 0
884 0
885 0
886 0
887 2
888 0
889 2
890 0
891 0
892 0
893 0
894 0
895 0
896 0
897 2
898 2
899 2
900 0
901 0
902 2
903 2
904 2
905 2
906 0
907 2
908 0
909 2
910 2
911 2
912 0
913 0
914 0
915 0
916 2
917 2
918 2
919 2
920 0
921 0
922 0
923 0
924 0
925 0
926 0
927 2
928 0
929 0
930 2
931 2
932 0
933 2
934 2
935 2
936 0
937 2
938 2
939 2
940 0
941 2
942 2
943 0
944 2
945 2
946 0
947 0
948 2
949 0
950 0
951 2
952 0
953 0
954 2
955 2
956 0
957 2
958 2
959 2
960 2
961 2
962 2
963 2
964 0
965 0
966 0
967 0
968 0
969 3
970 3
971 2
972 2
973 3
974 3
975 0
976 0
977 0
978 2
979 0
980 0
981 3
982 3
983 0
984 0
985 3
986 0
987 0
988 2
989 0
990 2
991 0
992 0
993 0
994 2
995 0
996 2
997 0
998 0
999 2
1000 3
1001 2
1002 2
1003 3
1004 3
1005 3
1006 2
1007 2
1008 2
1009 2
1010 2
1011 3
1012 3
1013 3
1014 3
1015 3
1016 3
1017 3
1018 3
1019 3
1020 3
1021 3
1022 3
1023 3
1024 3
1025 3
1026 3
1027 3
1028 3
1029 3
1030 3
1031 3
1032 3
1033 3
1034 3
1035 3
1036 3
1037 3
1038 3
1039 3
1040 3
1041 3
1042 3
1043 3
1044 3
1045 3
1046 3
1047 3
1048 3
1049 3
1050 3
1051 3
1052 3
1053 3
1054 3
1055 3
1056 3
1057 3
1058 3
1059 3
1060 3
1061 3
1062 3
1063 3
1064 3
1065 3
1066 3
1067 3
1068 3
1069 3
1070 3
1071 3
1072 3
1073 3
1074 3
1075 3
1076 3
1077 3
1078 3
1079 3
1080 3
1081 3
1082 3
1083 3
1084 3
1085 1
1086 1
1087 1
1088 3
1089 3
1090 3
1091 1
1092 1
1093 3
1094 3
1095 1
1096 3
1097 3
1098 1
1099 3
1100 1
1101 1
1102 1
1103 3
1104 3
1105 3
1106 1
1107 3
1108 3
1109 1
1110 3
1111 1
1112 3
1113 1
1114 1
1115 1
1116 1
1117 1
1118 1
1119 1
1120 1
1121 1
1122 1
1123 1
1124 1
1125 1
1126 1
1127 1
1128 1
1129 1
1130 1
1131 1
1132 1
1133 1
1134 1
1135 1
1136 1
1137 1
1138 1
1139 1
1140 1
1141 1
1142 1
1143 1
1144 1
1145 1
1146 1
1147 1
1148 1
1149 1
1150 1
1151 1
1152 1
1153 1
1154 1
1155 1
1156 1
1157 1
1158 1
1159 1
1160 1
1161 1
1162 1
1163 1
1164 1
1165 1
1166 1
1167 1
1168 1
1169 1
1170 1
1171 1
1172 1
1173 1
1174 1
1175 1
1176 1
1177 1
1178 1
1179 1
1180 1
1181 1
1182 1
1183 1
1184 1
1185 1
1186 1
1187 1
1188 1
1189 1
1190 1
1191 1
1192 1
1193 1
1194 1
1195 1
1196 1
1197 1
1198 1
1199 1
1200 0
1201 0
1202 0
1203 0
1204 0
1205 0
1206 0
1207 0
1208 0
1209 0
1210 2
1211 0
1212 0
1213 0
1214 0
1215 0
1216 0
1217 2
1218 2
1219 2
1220 0
1221 2
1222 0
1223 0
1224 2
1225 0
1226 0
1227 0
1228 2
1229 2
1230 0
1231 2
1232 0
1233 2
1234 2
1235 0
1236 2
1237 2
1238 2
1239 0
1240 0
1241 0
1242 2
1243 2
1244 0
1245 2
1246 2
1247 0
1248 0
1249 0
1250 2
1251 0
1252 2
1253 2
1254 2
1255 0
1256 0
1257 0
1258 0
1259 2
1260 2
1261 2
1262 0
1263 0
1264 2
1265 2
1266 0
1267 2
1268 0
1269 2
1270 0
1271 0
1272 0
1273 2
1274 0
1275 0
1276 0
1277 0
1278 0
1279 0
1280 2
1281 2
1282 0
1283 0
1284 2
1285 0
1286 0
1287 0
1288 0
1289 2
1290 0
1291 2
1292 2
1293 0
1294 0
1295 2
1296 0
1297 0
1298 0
1299 2
1300 0
1301 2
1302 2
1303 0
1304 2
1305 2
1306 0
1307 0
1308 0
1309 2
1310 2
1311 2
1312 2
1313 0
1314 2
1315 0
1316 0
1317 0
1318 0
1319 0
1320 2
1321 2
1322 0
1323 2
1324 0
1325 2
1326 2
1327 2
1328 0
1329 0
1330 2
1331 0
1332 0
1333 0
1334 2
1335 0
1336 2
1337 2
1338 0
1339 2
1340 2
1341 0
1342 2
1343 2
1344 2
1345 2
1346 2
1347 0
1348 0
1349 2
1350 2
1351 0
1352 2
1353 0
1354 2
1355 0
1356 0
1357 0
1358 0
1359 0
1360 2
1361 2
1362 2
1363 2
1364 0
1365 2
1366 0
1367 2
1368 2
1369 2
1370 2
1371 2
1372 0
1373 2
1374 0
1375 2
1376 0
1377 2
1378 2
1379 2
1380 0
1381 0
1382 0
1383 0
1384 0
1385 2
1386 2
1387 2
1388 0
1389 2
1390 2
1391 0
1392 2
1393 2
1394 2
1395 0
1396 2
1397 0
1398 0
1399 2
1400 0
1401 0
1402 2
1403 0
1404 0
1405 0
1406 0
1407 0
1408 0
1409 0
1410 0
1411 0
1412 2
1413 2
1414 2
1415 2
1416 0
1417 2
1418 0
1419 0
1420 0
1421 2
1422 2
1423 2
1424 0
1425 3
1426 2
1427 3
1428 0
1429 2
1430 3
1431 3
1432 2
1433 3
1434 3
1435 0
1436 3
1437 2
1438 2
1439 2
1440 2
1441 3
1442 0
1443 0
1444 3
1445 0
1446 0
1447 0
1448 3
1449 0
1450 2
1451 2
1452 3
1453 0
1454 3
1455 0
1456 3
1457 3
1458 0
1459 2
1460 2
1461 2
1462 2
1463 3
1464 0
1465 2
1466 2
1467 2
1468 0
1469 3
1470 2
1471 2
1472 2
1473 2
1474 3
1475 0
1476 3
1477 2
1478 0
1479 0
1480 3
1481 2
1482 0
1483 3
1484 3
1485 3
1486 3
1487 2
1488 2
1489 0
1490 2
1491 3
1492 2
1493 0
1494 2
1495 2
1496 0
1497 2
1498 0
1499 0
1500 0
1501 2
1502 2
1503 3
1504 0
1505 2
1506 0
1507 2
1508 2
1509 3
1510 2
1511 3
1512 0
1513 3
1514 2
1515 0
1516 0
1517 3
1518 0
1519 3
1520 0
1521 2
1522 0
1523 0
1524 3
1525 2
1526 2
1527 3
1528 0
1529 2
1530 3
1531 3
1532 3
1533 2
1534 3
1535 2
1536 2
1537 3
1538 0
1539 3
1540 0
1541 3
1542 0
1543 0
1544 3
1545 3
1546 2
1547 3
1548 0
1549 0
1550 3
1551 3
1552 3
1553 3
1554 3
1555 3
1556 0
1557 0
1558 2
1559 3
1560 2
1561 0
1562 3
1563 0
1564 2
1565 3
1566 3
1567 3
1568 3
1569 0
1570 3
1571 0
1572 0
1573 2
1574 3
1575 3
1576 2
1577 2
1578 3
1579 3
1580 2
1581 2
1582 3
1583 0
1584 2
1585 2
1586 3
1587 0
1588 0
1589 3
1590 3
1591 0
1592 0
1593 0
1594 2
1595 2
1596 0
1597 3
1598 3
1599 3
1600 2
1601 2
1602 3
1603 2
1604 0
1605 2
1606 0
1607 0
1608 2
1609 0
1610 3
1611 2
1612 2
1613 0
1614 0
1615 0
1616 3
1617 2
1618 2
1619 3
1620 2
1621 2
1622 0
1623 3
1624 2
1625 3
1626 3
1627 2
1628 0
1629 2
1630 3
1631 3
1632 2
1633 3
1634 2
1635 3
1636 2
1637 0
1638 2
1639 3
1640 0
1641 3
1642 0
1643 0
1644 2
1645 0
1646 3
1647 3
1648 3
1649 2
1650 2
1651 2
1652 3
1653 0
1654 2
1655 2
1656 3
1657 0
1658 3
1659 2
1660 2
1661 0
1662 0
1663 0
1664 0
1665 0
1666 2
1667 3
1668 3
1669 0
1670 3
1671 0
1672 3
1673 0
1674 3
1675 2
1676 2
1677 0
1678 2
1679 0
1680 3
1681 2
1682 0
1683 3
1684 0
1685 0
1686 0
1687 3
1688 2
1689 3
1690 3
1691 3
1692 3
1693 0
1694 0
1695 0
1696 0
1697 2
1698 0
1699 2
1700 3
1701 2
1702 0
1703 0
1704 2
1705 3
1706 0
1707 2
1708 2
1709 0
1710 3
1711 2
1712 0
1713 3
1714 0
1715 0
1716 3
1717 2
1718 2
1719 3
1720 3
1721 2
1722 0
1723 0
1724 0
1725 0
1726 0
1727 0
1728 2
1729 3
1730 0
1731 0
1732 0
1733 2
1734 0
1735 2
1736 0
1737 0
1738 0
1739 3
1740 0
1741 3
1742 0
1743 2
1744 0
1745 0
1746 2
1747 2
1748 0
1749 0
1750 2
1751 3
1752 2
1753 0
1754 3
1755 0
1756 3
1757 2
1758 0
1759 0
1760 3
1761 3
1762 2
1763 2
1764 0
1765 3
1766 3
1767 3
1768 0
1769 2
1770 0
1771 2
1772 2
1773 0
1774 2
1775 2
1776 0
1777 2
1778 3
1779 0
1780 3
1781 3
1782 2
1783 0
1784 3
1785 2
1786 3
1787 3
1788 1
1789 2
1790 2
1791 0
1792 1
1793 0
1794 0
1795 1
1796 3
1797 2
1798 0
1799 2
1800 1
1801 3
1802 3
1803 1
1804 0
1805 2
1806 1
1807 3
1808 3
1809 2
1810 2
1811 2
1812 0
1813 2
1814 0
1815 0
1816 2
1817 2
1818 0
1819 1
1820 2
1821 1
1822 0
1823 1
1824 3
1825 3
1826 3
1827 2
1828 2
1829 3
1830 2
1831 2
1832 0
1833 3
1834 3
1835 0
1836 0
1837 3
1838 3
1839 0
1840 0
1841 0
1842 2
1843 1
1844 1
1845 2
1846 0
1847 0
1848 2
1849 2
1850 1
1851 3
1852 3
1853 0
1854 3
1855 3
1856 2
1857 2
1858 2
1859 2
1860 0
1861 2
1862 3
1863 3
1864 1
1865 2
1866 2
1867 2
1868 0
1869 3
1870 2
1871 1
1872 0
1873 0
1874 0
1875 2
1876 0
1877 3
1878 0
1879 0
1880 3
1881 1
1882 3
1883 2
1884 3
1885 0
1886 0
1887 2
1888 1
1889 2
1890 2
1891 2
1892 3
1893 3
1894 2
1895 2
1896 2
1897 0
1898 1
1899 2
1900 0
1901 2
1902 2
1903 2
1904 0
1905 0
1906 0
1907 1
1908 3
1909 0
1910 2
1911 1
1912 2
1913 2
1914 1
1915 2
1916 3
1917 3
1918 2
1919 3
1920 1
1921 0
1922 1
1923 2
1924 3
1925 2
1926 3
1927 1
1928 2
1929 0
1930 2
1931 0
1932 1
1933 2
1934 3
1935 2
1936 0
1937 2
1938 2
1939 0
1940 3
1941 3
1942 3
1943 2
1944 3
1945 2
1946 0
1947 1
1948 0
1949 0
1950 2
1951 2
1952 0
1953 3
1954 1
1955 1
1956 3
1957 1
1958 3
1959 2
1960 2
1961 3
1962 2
1963 3
1964 1
1965 1
1966 1
1967 1
1968 1
1969 3
1970 0
1971 2
1972 2
1973 3
1974 0
1975 3
1976 0
1977 3
1978 0
1979 0
1980 3
1981 2
1982 0
1983 1
1984 1
1985 1
1986 3
1987 2
1988 1
1989 0
1990 0
1991 2
1992 3
1993 0
1994 2
1995 0
1996 2
1997 2
1998 1
1999 2
2000 1
2001 0
2002 3
2003 0
2004 3
2005 2
2006 0
2007 2
2008 3
2009 0
2010 2
2011 2
2012 1
2013 2
2014 2
2015 2
2016 0
2017 2
2018 2
2019 2
2020 3
2021 3
2022 0
2023 3
2024 2
2025 0
2026 1
2027 0
2028 0
2029 0
2030 0
2031 2
2032 0
2033 1
2034 1
2035 2
2036 1
2037 0
2038 2
2039 0
2040 2
2041 1
2042 3
2043 2
2044 3
2045 1
2046 0
2047 1
2048 2
2049 1
2050 0
2051 1
2052 3
2053 0
2054 0
2055 0
2056 0
2057 0
2058 0
2059 0
2060 1
2061 3
2062 1
2063 1
2064 2
2065 3
2066 3
2067 1
2068 0
2069 3
2070 3
2071 1
2072 3
2073 0
2074 0
2075 3
2076 0
2077 1
2078 3
2079 1
2080 1
2081 2
2082 1
2083 0
2084 2
2085 0
2086 3
2087 0
2088 2
2089 1
2090 2
2091 1
2092 2
2093 0
2094 0
2095 0
2096 0
2097 2
2098 0
2099 2
2100 1
2101 1
2102 1
2103 0
2104 3
2105 3
2106 0
2107 0
2108 2
2109 2
2110 2
2111 1
2112 3
2113 3
2114 2
2115 3
2116 0
2117 2
2118 0
2119 0
2120 2
2121 3
2122 1
2123 3
2124 3
2125 2
2126 3
2127 2
2128 3
2129 0
2130 1
2131 2
2132 0
2133 2
2134 2
2135 3
2136 0
2137 0
2138 0
2139 2
2140 3
2141 0
2142 3
2143 2
2144 3
2145 1
2146 2
2147 2
2148 2
2149 0
2150 2
2151 1
2152 3
2153 0
2154 1
2155 3
2156 0
2157 0
2158 3
2159 0
2160 0
2161 0
2162 1
2163 1
2164 2
2165 1
2166 0
2167 2
2168 0
2169 0
2170 3
2171 3
2172 0
2173 3
2174 1
2175 3
2176 0
2177 1
2178 3
2179 2
2180 0
2181 3
2182 2
2183 3
2184 2
2185 3
2186 2
2187 2
2188 2
2189 1
2190 0
2191 2
2192 1
2193 0
2194 1
2195 1
2196 1
2197 2
2198 3
2199 1
2200 3
2201 0
2202 3
2203 1
2204 0
2205 3
2206 0
2207 1
2208 3
2209 2
2210 0
2211 0
2212 1
2213 0
2214 3
2215 0
2216 1
2217 3
2218 1
2219 1
2220 3
2221 3
2222 3
2223 1
2224 0
2225 3
2226 0
2227 2
2228 3
2229 3
2230 0
2231 3
2232 1
2233 1
2234 1
2235 3
2236 1
2237 2
2238 0
2239 0
2240 3
2241 2
2242 0
2243 2
2244 1
2245 0
2246 0
2247 0
2248 1
2249 2
2250 2
2251 3
2252 3
2253 3
2254 1
2255 2
2256 0
2257 3
2258 0
2259 0
2260 1
2261 3
2262 3
2263 1
2264 2
2265 2
2266 1
2267 1
2268 0
2269 0
2270 1
2271 1
2272 3
2273 3
2274 1
2275 3
2276 0
2277 1
2278 1
2279 1
2280 3
2281 2
2282 3
2283 1
2284 1
2285 0
2286 2
2287 3
2288 2
2289 0
2290 3
2291 0
2292 0
2293 2
2294 0
2295 3
2296 1
2297 1
2298 0
2299 0
2300 0
2301 2
2302 2
2303 2
2304 0
2305 3
2306 2
2307 1
2308 3
2309 3
2310 0
2311 2
2312 3
2313 2
2314 2
2315 1
2316 2
2317 0
2318 2
2319 1
2320 2
2321 2
2322 0
2323 2
2324 1
2325 2
2326 3
2327 3
2328 2
2329 2
2330 0
2331 0
2332 0
2333 3
2334 0
2335 1
2336 0
2337 2
2338 3
2339 3
2340 2
2341 0
2342 3
2343 3
2344 0
2345 0
2346 0
2347 3
2348 2
2349 1
2350 3
2351 3
2352 2
2353 2
2354 2
2355 2
2356 1
2357 3
2358 3
2359 1
2360 0
2361 3
2362 0
2363 0
2364 0
2365 1
2366 2
2367 2
2368 0
2369 0
2370 2
2371 1
2372 2
2373 3
2374 2
2375 2
2376 1
2377 1
2378 3
2379 1
2380 2
2381 1
2382 0
2383 1
2384 2
2385 1
2386 3
2387 0
2388 3
2389 0
2390 1
2391 2
2392 1
2393 2
2394 3
2395 2
2396 0
2397 3
2398 1
2399 1
2400 2
2401 2
2402 3
2403 0
2404 0
2405 2
2406 0
2407 1
2408 3
2409 0
2410 0
2411 0
2412 3
2413 3
2414 2
2415 0
2416 1
2417 0
2418 3
2419 1
2420 2
2421 0
2422 2
2423 0
2424 2
2425 2
2426 3
2427 0
2428 2
2429 2
2430 2
2431 3
2432 0
2433 1
2434 3
2435 1
2436 1
2437 2
2438 3
2439 2
2440 3
2441 1
2442 0
2443 3
2444 3
2445 3
2446 1
2447 1
2448 3
2449 0
2450 3
2451 2
2452 0
2453 0
2454 2
2455 0
2456 0
2457 3
2458 0
2459 2
2460 1
2461 2
2462 0
2463 3
2464 3
2465 0
2466 2
2467 0
2468 2
2469 3
2470 0
2471 2
2472 3
2473 2
2474 3
2475 3
2476 0
2477 1
2478 0
2479 2
2480 2
2481 2
2482 0
2483 1
2484 1
2485 0
2486 1
2487 0
2488 3
2489 1
2490 0
2491 2
2492 2
2493 0
2494 3
2495 2
2496 3
2497 1
2498 2
2499 2
2500 1
2501 3
2502 2
2503 2
2504 3
2505 3
2506 1
2507 0
2508 3
2509 3
2510 3
2511 2
2512 3
2513 1
2514 3
2515 2
2516 1
2517 2
2518 2
2519 0
2520 0
2521 0
2522 2
2523 3
2524 3
2525 0
2526 1
2527 1
2528 3
2529 0
2530 1
2531 2
2532 0
2533 3
2534 0
2535 1
2536 3
2537 0
2538 0
2539 2
2540 2
2541 0
2542 1
2543 3
2544 0
2545 0
2546 2
2547 2
2548 0
2549 3
2550 0
2551 2
2552 0
2553 2
2554 3
2555 2
2556 3
2557 2
2558 2
2559 0
2560 3
2561 2
2562 3
2563 2
2564 2
2565 2
2566 1
2567 3
2568 2
2569 3
2570 3
2571 1
2572 1
2573 3
2574 3
2575 0
2576 3
2577 2
2578 1
2579 0
2580 3
2581 1
2582 1
2583 1
2584 1
2585 0
2586 2
2587 0
2588 1
2589 3
2590 0
2591 2
2592 2
2593 3
2594 3
2595 1
2596 2
2597 0
2598 2
2599 3
2600 0
2601 2
2602 3
2603 1
2604 3
2605 1
2606 3
2607 2
2608 2
2609 0
2610 3
2611 3
2612 2
2613 2
2614 1
2615 2
2616 3
2617 2
2618 1
2619 3
2620 3
2621 0
2622 1
2623 3
2624 0
2625 3
2626 2
2627 2
2628 1
2629 0
2630 1
2631 2
2632 0
2633 1
2634 3
2635 3
2636 0
2637 3
2638 0
2639 2
2640 2
2641 3
2642 0
2643 2
2644 0
2645 3
2646 3
2647 2
2648 2
2649 2
2650 1
2651 3
2652 1
2653 0
2654 3
2655 1
2656 2
2657 2
2658 3
2659 0
2660 0
2661 0
2662 0
2663 0
2664 0
2665 2
2666 2
2667 3
2668 2
2669 0
2670 2
2671 1
2672 2
2673 3
2674 0
2675 3
2676 0
2677 0
2678 0
2679 3
2680 3
2681 1
2682 2
2683 2
2684 2
2685 1
2686 0
2687 3
2688 1
2689 0
2690 3
2691 2
2692 1
2693 2
2694 0
2695 2
2696 0
2697 2
2698 3
2699 2
2700 2
2701 1
2702 3
2703 3
2704 0
2705 0
2706 3
2707 0
2708 1
2709 0
2710 3
2711 3
2712 1
2713 3
2714 0
2715 0
2716 0
2717 0
2718 1
2719 3
2720 0
2721 0
2722 1
2723 3
2724 0
2725 3
2726 0
2727 2
2728 2
2729 0
2730 0
2731 3
2732 3
2733 0
2734 2
2735 2
2736 0
2737 0
2738 1
2739 2
2740 0
2741 2
2742 3
2743 1
2744 0
2745 2
2746 2
2747 0
2748 1
2749 2
2750 1
2751 3
2752 0
2753 3
2754 3
2755 0
2756 1
2757 2
2758 2
2759 2
2760 2
2761 1
2762 2
2763 1
2764 3
2765 1
2766 1
2767 0
2768 3
2769 2
2770 0
2771 0
2772 0
2773 0
2774 3
2775 3
2776 2
2777 1
2778 3
2779 2
2780 0
2781 0
2782 0
2783 2
2784 2
2785 3
2786 0
2787 3
2788 0
2789 0
2790 3
2791 1
2792 2
2793 3
2794 3
2795 1
2796 0
2797 1
2798 3
2799 0
2800 1
2801 0
2802 0
2803 0
2804 2
2805 2
2806 2
2807 0
2808 2
2809 0
2810 0
2811 1
2812 1
2813 3
2814 0
2815 2
2816 1
2817 2
2818 0
2819 3
2820 1
2821 3
2822 2
2823 3
2824 1
2825 1
2826 0
2827 0
2828 2
2829 3
2830 0
2831 1
2832 3
2833 1
2834 2
2835 3
2836 2
2837 3
2838 0
2839 3
2840 3
2841 2
2842 3
2843 2
2844 3
2845 0
2846 0
2847 3
2848 2
2849 2
2850 0
2851 2
2852 0
2853 2
2854 0
2855 3
2856 3
2857 1
2858 2
2859 2
2860 3
2861 3
2862 1
2863 0
2864 2
2865 3
2866 3
2867 2
2868 0
2869 0
2870 0
2871 0
2872 0
2873 1
2874 1
2875 3
2876 2
2877 3
2878 0
2879 2
2880 3
2881 1
2882 2
2883 3
2884 3
2885 0
2886 1
2887 2
2888 2
2889 3
2890 0
2891 2
2892 0
2893 2
2894 2
2895 0
2896 0
2897 2
2898 2
2899 3
2900 1
2901 0
2902 2
2903 3
2904 3
2905 3
2906 0
2907 0
2908 1
2909 0
2910 2
2911 2
2912 0
2913 3
2914 2
2915 1
2916 0
2917 0
2918 0
2919 2
2920 0
2921 1
2922 2
2923 0
2924 1
2925 0
2926 1
2927 0
2928 3
2929 3
2930 2
2931 3
2932 1
2933 2
2934 2
2935 3
2936 0
2937 1
2938 3
2939 1
2940 1
2941 1
2942 0
2943 2
2944 1
2945 2
2946 0
2947 3
2948 1
2949 2
2950 1
2951 0
2952 3
2953 3
2954 3
2955 0
2956 1
2957 0
2958 3
2959 1
2960 3
2961 3
2962 0
2963 0
2964 1
2965 0
2966 0
2967 0
2968 1
2969 1
2970 0
2971 2
2972 2
2973 2
2974 2
2975 1
2976 1
2977 2
2978 1
2979 1
2980 1
2981 1
2982 1
2983 0
2984 2
2985 2
2986 0
2987 0
2988 2
2989 1
2990 3
2991 0
2992 0
2993 1
2994 3
2995 2
2996 2
2997 1
2998 2
2999 2
3000 0
3001 2
3002 3
3003 3
3004 0
3005 3
3006 0
3007 3
3008 0
3009 2
3010 0
3011 1
3012 0
3013 2
3014 2
3015 1
3016 3
3017 3
3018 3
3019 2
3020 3
3021 1
3022 0
3023 2
3024 0
3025 1
3026 1
3027 3
3028 1
3029 0
3030 1
3031 3
3032 1
3033 3
3034 2
3035 2
3036 0
3037 3
3038 2
3039 2
3040 0
3041 2
3042 3
3043 3
3044 3
3045 0
3046 3
3047 3
3048 0
3049 0
3050 3
3051 1
3052 2
3053 3
3054 2
3055 1
3056 3
3057 2
3058 2
3059 3
3060 1
3061 0
3062 1
3063 0
3064 3
3065 0
3066 2
3067 0
3068 3
3069 3
3070 1
3071 3
3072 2
3073 1
3074 0
3075 1
3076 3
3077 3
3078 3
3079 3
3080 3
3081 1
3082 3
3083 1
3084 2
3085 0
3086 0
3087 3
3088 3
3089 0
3090 3
3091 2
3092 3
3093 0
3094 0
3095 0
3096 2
3097 0
3098 0
3099 3
3100 0
3101 0
3102 3
3103 0
3104 0
3105 0
3106 0
3107 2
3108 2
3109 3
3110 0
3111 1
3112 2
3113 3
3114 3
3115 3
3116 3
3117 0
3118 0
3119 0
3120 2
3121 3
3122 3
3123 3
3124 3
3125 1
3126 1
3127 3
3128 3
3129 1
3130 3
3131 3
3132 0
3133 3
3134 3
3135 0
3136 1
3137 2
3138 2
3139 0
3140 1
3141 2
3142 2
3143 1
3144 0
3145 2
3146 1
3147 3
3148 0
3149 2
3150 2
3151 3
3152 0
3153 2
3154 0
3155 1
3156 3
3157 2
3158 1
3159 0
3160 1
3161 3
3162 3
3163 0
3164 0
3165 2
3166 3
3167 0
3168 0
3169 3
3170 3
3171 0
3172 0
3173 2
3174 3
3175 1
3176 0
3177 3
3178 2
3179 2
3180 2
3181 1
3182 2
3183 2
3184 0
3185 3
3186 2
3187 2
3188 2
3189 0
3190 0
3191 1
3192 2
3193 1
3194 1
3195 3
3196 2
3197 3
3198 3
3199 2
3200 3
3201 3
3202 3
3203 2
3204 2
3205 2
3206 3
3207 1
3208 1
3209 2
3210 3
3211 0
3212 1
3213 2
3214 2
3215 2
3216 0
3217 1
3218 3
3219 0
3220 2
3221 3
3222 1
3223 1
3224 3
3225 2
3226 3
3227 1
3228 3
3229 1
3230 0
3231 1
3232 1
3233 0
3234 1
3235 1
3236 0
3237 2
3238 0
3239 1
3240 2
3241 3
3242 0
3243 3
3244 2
3245 3
3246 0
3247 1
3248 1
3249 0
3250 3
3251 2
3252 2
3253 2
3254 0
3255 2
3256 0
3257 0
3258 3
3259 1
3260 0
3261 0
3262 3
3263 0
3264 0
3265 0
3266 2
3267 1
3268 0
3269 3
3270 2
3271 0
3272 2
3273 1
3274 0
3275 0
3276 3
3277 0
3278 3
3279 1
3280 3
3281 2
3282 3
3283 0
3284 0
3285 2
3286 2
3287 0
3288 1
3289 0
3290 0
3291 0
3292 3
3293 0
3294 0
3295 0
3296 0
3297 1
3298 3
3299 0
3300 3
3301 1
3302 0
3303 1
3304 1
3305 0
3306 1
3307 3
3308 3
3309 1
3310 2
3311 0
3312 0
3313 3
3314 0
3315 0
3316 0
3317 3
3318 1
3319 3
3320 2
3321 1
3322 2
3323 3
3324 1
3325 2
3326 0
3327 0
3328 3
3329 1
3330 2
3331 1
3332 0
3333 2
3334 3
3335 0
3336 2
3337 1
3338 1
3339 3
3340 2
3341 1
3342 1
3343 2
3344 0
3345 0
3346 0
3347 0
3348 0
3349 3
3350 3
3351 3
3352 0
3353 2
3354 2
3355 0
3356 3
3357 0
3358 0
3359 0
3360 2
3361 0
3362 1
3363 2
3364 3
3365 1
3366 1
3367 3
3368 2
3369 0
3370 3
3371 0
3372 3
3373 0
3374 0
3375 2
3376 0
3377 3
3378 2
3379 0
3380 1
3381 2
3382 2
3383 2
3384 0
3385 3
3386 0
3387 3
3388 1
3389 2
3390 0
3391 2
3392 3
3393 2
3394 1
3395 3
3396 3
3397 0
3398 3
3399 3
3400 3
3401 2
3402 1
3403 0
3404 0
3405 1
3406 2
3407 1
3408 3
3409 3
3410 0
3411 1
3412 2
3413 2
3414 1
3415 0
3416 1
3417 3
3418 2
3419 0
3420 3
3421 3
3422 3
3423 3
3424 3
3425 2
3426 0
3427 3
3428 2
3429 2
3430 0
3431 3
3432 2
3433 0
3434 2
3435 3
3436 0
3437 0
3438 0
3439 0
3440 3
3441 0
3442 0
3443 1
3444 2
3445 0
3446 2
3447 0
3448 0
3449 3
3450 3
3451 1
3452 1
3453 2
3454 0
3455 1
3456 3
3457 3
3458 3
3459 2
3460 0
3461 0
3462 1
3463 3
3464 2
3465 3
3466 0
3467 0
3468 1
3469 0
3470 1
3471 0
3472 3
3473 2
3474 1
3475 1
3476 0
3477 3
3478 2
3479 1
3480 3
3481 3
3482 2
3483 0
3484 0
3485 2
3486 3
3487 0
3488 2
3489 0
3490 0
3491 0
3492 1
3493 2
3494 3
3495 3
3496 0
3497 0
3498 2
3499 2
3500 0
3501 0
3502 0
3503 2
3504 2
3505 1
3506 2
3507 3
3508 0
3509 2
3510 2
3511 1
3512 0
3513 0
3514 0
3515 0
3516 0
3517 3
3518 1
3519 1
3520 3
3521 0
3522 2
3523 2
3524 2
3525 0
3526 0
3527 0
3528 2
3529 3
3530 1
3531 3
3532 1
3533 1
3534 2
3535 3
3536 1
3537 2
3538 2
3539 0
3540 0
3541 2
3542 3
3543 0
3544 0
3545 2
3546 1
3547 3
3548 3
3549 3
3550 2
3551 0
3552 2
3553 0
3554 3
3555 1
3556 0
3557 2
3558 1
3559 0
3560 0
3561 2
3562 1
3563 0
3564 3
3565 3
3566 0
3567 2
3568 3
3569 0
3570 0
3571 3
3572 1
3573 2
3574 3
3575 2
3576 3
3577 1
3578 3
3579 1
3580 3
3581 1
3582 2
3583 0
3584 0
3585 0
3586 2
3587 3
3588 1
3589 2
3590 3
3591 2
3592 2
3593 3
3594 1
3595 2
3596 3
3597 1
3598 2
3599 3
3600 0
3601 1
3602 0
3603 1
3604 1
3605 0
3606 3
3607 3
3608 2
3609 2
3610 0
3611 1
3612 0
3613 0
3614 2
3615 0
3616 0
3617 3
3618 1
3619 0
3620 3
3621 1
3622 2
3623 0
3624 3
3625 1
3626 0
3627 2
3628 0
3629 0
3630 0
3631 1
3632 1
3633 3
3634 3
3635 0
3636 3
3637 3
3638 2
3639 2
3640 0
3641 2
3642 0
3643 3
3644 2
3645 1
3646 2
3647 3
3648 2
3649 0
3650 3
3651 0
3652 1
3653 2
3654 3
3655 3
3656 0
3657 3
3658 0
3659 0
3660 0
3661 0
3662 0
3663 0
3664 3
3665 0
3666 3
3667 3
3668 2
3669 3
3670 2
3671 0
3672 0
3673 0
3674 3
3675 0
3676 2
3677 0
3678 0
3679 3
3680 3
3681 1
3682 2
3683 3
3684 1
3685 2
3686 0
3687 0
3688 1
3689 3
3690 0
3691 0
3692 1
3693 3
3694 1
3695 0
3696 1
3697 2
3698 1
3699 0
3700 3
3701 1
3702 3
3703 3
3704 2
3705 0
3706 3
3707 3
3708 2
3709 0
3710 3
3711 3
3712 1
3713 3
3714 2
3715 3
3716 1
3717 0
3718 1
3719 3
3720 2
3721 0
3722 0
3723 2
3724 2
3725 3
3726 1
3727 1
3728 3
3729 0
3730 3
3731 1
3732 3
3733 1
3734 0
3735 2
3736 1
3737 0
3738 0
3739 0
3740 3
3741 2
3742 1
3743 0
3744 2
3745 0
3746 2
3747 2
3748 1
3749 1
3750 1
3751 0
3752 3
3753 2
3754 0
3755 3
3756 2
3757 2
3758 0
3759 2
3760 1
3761 2
3762 1
3763 1
3764 3
3765 0
3766 1
3767 1
3768 3
3769 0
3770 1
3771 3
3772 1
3773 2
3774 2
3775 2
3776 1
3777 3
3778 1
3779 2
3780 3
3781 0
3782 3
3783 3
3784 3
3785 3
3786 3
3787 3
3788 3
3789 0
3790 0
3791 2
3792 0
3793 0
3794 2
3795 0
3796 2
3797 2
3798 1
3799 1
3800 3
3801 3
3802 2
3803 3
3804 3
3805 1
3806 0
3807 3
3808 0
3809 1
3810 3
3811 2
3812 2
3813 3
3814 0
3815 3
3816 2
3817 2
3818 1
3819 3
3820 3
3821 2
3822 3
3823 2
3824 3
3825 2
3826 2
3827 1
3828 2
3829 2
3830 2
3831 0
3832 2
3833 1
3834 3
3835 1
3836 0
3837 1
3838 0
3839 0
3840 1
3841 0
3842 3
3843 2
3844 1
3845 3
3846 0
3847 2
3848 2
3849 3
3850 3
3851 1
3852 2
3853 1
3854 1
3855 2
3856 2
3857 2
3858 3
3859 1
3860 3
3861 3
3862 3
3863 3
3864 3
3865 2
3866 0
3867 3
3868 3
3869 2
3870 0
3871 2
3872 1
3873 0
3874 2
3875 2
3876 0
3877 0
3878 0
3879 0
3880 3
3881 1
3882 0
3883 3
3884 1
3885 2
3886 0
3887 1
3888 1
3889 0
3890 3
3891 1
3892 3
3893 0
3894 0
3895 2
3896 3
3897 3
3898 2
3899 0
3900 1
3901 1
3902 1
3903 0
3904 0
3905 1
3906 3
3907 0
3908 1
3909 0
3910 0
3911 2
3912 2
3913 3
3914 0
3915 0
3916 1
3917 2
3918 1
3919 0
3920 0
3921 2
3922 3
3923 3
3924 2
3925 2
3926 2
3927 0
3928 0
3929 0
3930 2
3931 0
3932 0
3933 2
3934 3
3935 0
3936 1
3937 1
3938 0
3939 1
3940 3
3941 2
3942 3
3943 3
3944 0
3945 2
3946 3
3947 2
3948 1
3949 2
3950 2
3951 2
3952 3
3953 0
3954 3
3955 3
3956 2
3957 3
3958 2
3959 0
3960 0
3961 2
3962 3
3963 2
3964 2
3965 2
3966 3
3967 2
3968 0
3969 1
3970 3
3971 0
3972 1
3973 1
3974 1
3975 3
3976 1
3977 2
3978 2
3979 2
3980 3
3981 3
3982 1
3983 1
3984 0
3985 2
3986 1
3987 2
3988 3
3989 2
3990 2
3991 2
3992 1
3993 2
3994 0
3995 0
3996 2
3997 3
3998 1
3999 3
4000 0
4001 3
4002 1
4003 1
4004 1
4005 0
4006 0
4007 1
4008 0
4009 1
4010 2
4011 3
4012 0
4013 0
4014 3
4015 2
4016 1
4017 2
4018 2
4019 3
4020 0
4021 2
4022 1
4023 0
4024 2
4025 3
4026 0
4027 0
4028 2
4029 3
4030 0
4031 1
4032 3
4033 0
4034 0
4035 1
4036 2
4037 2
4038 0
4039 2
4040 3
4041 2
4042 3
4043 0
4044 1
4045 0
4046 2
4047 3
4048 1
4049 3
4050 3
4051 3
4052 2
4053 1
4054 3
4055 3
4056 2
